40 63
-92 14 16
-80 24 30
32 8 35
-29 2 22
-37 19 33
3 36 36
-50 30 31
60 31 31
-34 10 40
38 33 34
-63 7 30
40 6 19
-71 25 27
50 38 39
85 10 37
-60 39 39
65 37 37
47 17 39
-53 26 37
-49 37 38
-74 26 36
6 23 36
80 19 19
-53 15 26
-93 9 13
-45 28 31
67 10 13
43 7 38
-22 21 38
35 36 37
27 8 29
55 27 35
56 13 38
-47 17 19
-2 1 12
62 21 34
41 21 24
15 6 32
-30 19 39
-17 12 25
85 26 34
-60 20 28
-66 2 20
-89 32 32
32 29 38
48 5 30
-54 10 12
43 36 39
-21 31 39
-32 2 3
0 32 39
-11 7 33
41 21 37
-25 27 36
-4 15 29
-38 39 40
-86 23 26
-55 37 40
-67 25 36
-75 25 38
72 37 40
50 35 35
-33 28 36
