15 57
22 9 12
-81 12 13
-90 11 13
47 1 7
90 1 3
-38 5 8
-79 3 9
98 6 14
-63 15 15
-48 8 11
56 12 13
15 14 15
-53 12 14
-23 11 14
96 4 4
98 15 15
48 5 5
-94 15 15
20 7 11
-90 2 15
35 3 14
-70 12 12
-6 14 15
-50 11 12
80 5 13
-56 15 15
-81 15 15
4 15 15
-96 8 12
75 14 14
57 13 14
-96 4 14
39 1 5
-52 7 8
25 1 8
-32 3 12
-76 5 12
44 3 8
7 2 13
-66 14 15
50 7 9
74 1 11
-77 12 15
-45 10 14
-85 15 15
-1 9 14
-100 9 15
52 7 8
-20 4 8
-100 1 14
87 6 10
-57 9 10
96 10 11
25 12 14
-60 15 15
9 9 12
-82 12 13
