131 70
-71 39 104
-53 126 131
-26 52 111
-20 12 23
49 109 112
-16 101 130
10 41 60
57 96 120
-78 13 130
-45 17 129
19 36 112
53 23 116
-91 53 115
50 43 64
84 63 111
-91 56 82
2 104 120
65 120 130
-42 4 105
91 38 69
80 100 108
52 86 102
56 6 17
-91 100 122
67 97 100
-64 32 107
76 121 122
-75 40 53
-42 89 96
50 16 39
32 45 109
-63 110 118
49 26 93
-81 87 91
-81 80 92
92 102 128
-11 1 79
82 83 102
-91 6 79
-22 23 59
-57 42 92
4 31 100
-68 77 121
-27 70 73
55 108 115
94 53 118
-86 48 93
-72 57 125
96 76 109
-12 78 94
-41 2 126
-28 13 51
-51 46 53
26 46 116
19 61 66
77 69 90
-78 124 129
83 80 125
-23 99 127
-46 129 131
86 131 131
78 31 115
-93 63 124
-28 49 87
29 40 61
60 21 25
13 45 57
-5 115 119
-60 121 121
-45 51 109
