77 93
100 69 73
61 69 76
2 4 61
-19 2 57
-25 65 69
44 8 13
-55 58 64
80 44 46
-21 55 67
4 44 68
69 31 62
-64 65 76
-21 35 77
-69 24 45
-85 43 50
53 5 42
99 36 44
-55 62 67
88 19 21
-82 23 73
75 61 70
-44 76 76
96 19 48
-71 26 44
28 34 66
-64 69 77
42 42 54
29 5 45
40 42 52
3 16 34
59 76 77
-18 10 41
-89 67 70
24 71 72
76 4 6
-76 1 29
21 53 71
-50 77 77
-43 13 57
41 36 72
71 63 64
-68 32 54
-95 12 34
-26 51 55
-75 56 67
55 72 77
-48 45 71
9 20 53
79 5 64
77 15 35
-21 65 72
-97 20 36
-50 15 18
-53 18 22
85 63 77
-45 70 74
-100 55 77
-91 69 76
17 40 74
-29 32 75
36 7 9
-89 49 62
-71 73 75
4 66 70
72 1 75
20 76 77
68 32 65
-64 53 66
-71 49 54
19 76 76
97 43 49
-62 53 76
24 6 73
-87 20 46
-88 10 42
36 76 76
-15 61 74
-72 35 71
29 53 56
74 21 46
-51 26 36
-20 23 69
-62 52 74
-29 10 21
70 50 58
-59 3 24
-19 22 31
-56 34 36
48 77 77
99 38 53
46 14 27
10 12 23
50 11 67
